alsa_card.pci-0000:0b:00.4:input:analog-input-linein mute:0 volumes:2,0.158493,0.158493
alsa_card.pci-0000:0b:00.4:output:analog-output-lineout mute:1 volumes:2,0.464157,0.464157
